31,3
31,2
31,1
31,0
30,3
30,2
30,1
30,0
29,3
29,2
29,1
29,0
26,17
24,186
26,16
24,91
24,90
24,89
24,88
24,87
24,86
24,85
24,84
24,83
24,82
24,81
24,80
24,79
24,78
24,77
24,76
24,75
24,74
24,73
24,72
24,71
24,70
24,69
24,68
24,67
24,66
24,65
24,64
24,12
24,6
24,2
22,6
22,5
22,3
22,1
22,0
21,4
21,3
21,1
21,0
20,4
20,3
20,1
20,0
19,5
19,4
19,3
19,1
19,0
18,3
18,1
18,0
17,4
17,3
17,1
17,0
16,5
16,4
16,3
16,1
16,0
15,4
15,3
15,1
15,0
4,3
4,2
4,1
4,0
3,6
3,5
3,4
3,3
3,2
3,1
3,0
2,5
2,4
2,3
2,2
2,1
2,0
1,3
1,2
1,1
1,0
0,425
0,418
0,414
0,413
0,408
0,399
0,396
0,390
0,385
0,378
0,373
0,368
0,367
0,366
0,364
0,327
0,322
0,243
24,127
24,1
24,4
24,7
24,185
24,3
24,0
0,9
0,310
0,305
0,308
0,304
0,303
0,302
0,307
0,12
0,10
0,8
0,0
0,398
0,300
0,426
0,299
0,397
0,298
0,380
0,297
0,395
0,296
0,357
0,295
0,340
0,294
0,437
0,293
0,379
0,292
0,377
0,291
0,388
0,290
0,436
0,289
0,427
0,288
0,321
0,287
0,347
0,286
0,334
0,285
0,423
0,284
0,409
0,283
0,417
0,282
0,419
0,281
0,374
0,280
0,370
0,279
0,404
0,278
0,401
0,277
0,319
0,276
24,92
24,93
24,95
24,96
24,98
24,99
24,101
24,103
24,104
24,106
24,107
24,109
24,111
24,112
24,114
24,115
24,117
24,118
24,120
24,122
24,123
24,125
24,126
24,129
24,131
24,132
24,134
24,135
24,137
24,138
24,140
24,142
24,143
24,145
24,146
24,148
24,150
24,151
24,153
24,154
24,156
24,157
24,159
24,161
24,162
24,164
24,165
24,167
24,169
24,170
24,172
24,173
24,175
24,177
24,178
24,180
24,181
24,183
24,184
25,1
25,4
25,5
25,7
25,8
26,1
26,4
26,5
26,7
26,10
26,12
26,13
26,15
26,9
22,4
25,2
26,2
26,8
26,14
26,11
26,6
26,3
26,0
25,6
25,3
25,0
24,182
24,179
24,176
24,174
24,171
24,168
24,166
24,163
24,160
24,158
24,155
24,152
24,149
24,147
24,144
24,141
24,139
24,136
24,133
24,130
24,128
24,124
24,121
24,119
24,116
24,113
24,110
24,108
24,105
24,102
24,100
24,97
24,94
0,345
0,275
0,329
0,274
0,273
0,402
0,272
0,358
0,271
0,316
0,270
0,381
0,269
0,386
0,268
0,422
0,267
0,332
0,266
0,314
0,265
0,362
0,264
0,315
0,263
0,351
0,262
0,361
0,261
0,354
0,260
0,338
0,259
0,330
0,258
0,447
0,257
0,336
0,256
0,350
0,255
0,254
0,328
0,253
0,353
0,252
0,444
0,251
0,435
0,250
0,403
0,249
0,371
0,248
0,440
0,247
0,313
0,246
0,432
0,245
0,400
0,244
0,326
0,242
0,406
0,241
0,376
0,240
0,239
0,238
0,433
0,237
0,311
0,236
0,392
0,235
0,441
0,234
0,394
0,233
0,344
0,232
0,416
0,231
0,384
0,230
0,337
0,229
0,372
0,228
0,360
0,227
0,415
0,226
0,387
0,225
0,335
0,224
0,445
0,223
0,306
0,222
0,349
0,221
0,428
0,220
0,346
0,219
0,348
0,218
0,341
0,217
0,389
0,216
0,312
0,215
0,421
0,214
0,318
0,213
0,420
0,212
0,430
0,211
0,442
0,210
0,343
0,209
0,342
0,208
0,320
0,207
0,405
0,206
0,391
0,205
0,443
0,204
0,301
0,203
0,411
0,202
0,429
0,201
0,325
0,200
0,412
0,199
0,431
0,198
0,197
0,356
0,196
0,393
0,195
0,309
0,194
0,339
0,193
0,365
0,192
0,317
0,63
0,352
0,62
0,359
0,61
0,383
0,60
0,355
0,59
0,324
0,58
0,439
0,57
0,434
0,56
0,382
0,55
0,407
0,54
0,369
0,53
0,446
0,52
0,424
0,51
0,410
0,50
0,331
0,49
0,363
0,48
0,333
0,47
0,438
0,46
0,375
0,45
0,323
0,6
0,5
0,1
0,11
0,4
0,2
0,3
0,7
